165 305
 166 342
 167 378
 171 415
 184 451
 208 480
 240 504
 277 522
 316 526
 354 522
 386 505
 414 480
 435 450
 446 415
 451 379
 452 342
 451 307
 196 283
 213 261
 242 254
 271 256
 298 268
 332 267
 358 255
 386 252
 414 259
 430 280
 316 292
 317 313
 318 335
 318 357
 286 381
 301 384
 318 388
 333 384
 348 381
 226 300
 242 293
 259 293
 276 301
 259 302
 242 303
 352 300
 368 292
 385 293
 400 300
 386 302
 369 301
 256 430
 280 422
 302 417
 318 421
 334 417
 357 422
 378 431
 356 448
 334 455
 317 457
 300 455
 279 448
 265 432
 301 432
 318 434
 334 432
 369 432
 334 435
 317 436
 301 434
