249 262
 251 296
 254 332
 260 370
 274 404
 297 432
 329 455
 365 472
 403 475
 439 470
 475 454
 506 430
 530 401
 544 367
 549 329
 550 293
 551 257
 288 229
 304 207
 330 198
 358 203
 384 215
 428 214
 453 201
 480 194
 507 203
 521 225
 407 245
 407 269
 408 294
 409 319
 375 338
 392 342
 409 346
 425 342
 441 338
 319 253
 334 247
 352 246
 368 256
 352 258
 334 257
 444 254
 461 244
 478 243
 493 250
 479 254
 462 255
 345 382
 369 373
 393 369
 409 373
 426 369
 448 374
 469 381
 446 396
 425 401
 407 403
 390 401
 368 395
 354 382
 392 380
 409 381
 426 380
 461 383
 424 385
 407 386
 391 385
