260 214
 264 240
 270 266
 277 290
 289 312
 306 331
 328 346
 354 355
 380 357
 404 350
 423 335
 439 316
 450 294
 455 270
 457 246
 458 222
 457 197
 280 190
 287 173
 304 165
 323 166
 341 173
 382 169
 398 161
 415 157
 432 162
 441 177
 365 193
 368 212
 370 230
 373 248
 352 263
 362 264
 373 266
 382 263
 390 259
 301 205
 310 198
 323 198
 335 204
 324 207
 311 208
 390 200
 400 191
 412 191
 422 196
 413 200
 402 201
 336 292
 351 287
 366 284
 374 286
 382 283
 394 284
 407 286
 395 297
 384 301
 375 303
 366 303
 352 301
 341 293
 366 292
 374 292
 383 290
 401 287
 383 291
 374 293
 366 293
