102 185
 104 211
 106 236
 110 262
 119 288
 134 309
 152 328
 173 344
 197 348
 223 344
 248 330
 269 313
 287 292
 297 267
 300 240
 302 212
 304 185
 113 170
 122 153
 140 147
 159 151
 176 159
 209 159
 228 150
 249 147
 270 153
 281 171
 194 183
 194 201
 194 219
 193 239
 172 246
 183 250
 194 253
 206 250
 217 247
 136 186
 146 182
 158 182
 169 189
 158 190
 146 190
 222 189
 233 183
 244 183
 255 187
 245 190
 233 190
 156 271
 169 266
 183 264
 194 267
 204 265
 221 268
 238 272
 221 290
 205 296
 193 297
 182 295
 168 288
 162 272
 183 270
 194 272
 204 271
 232 272
 205 285
 194 287
 183 285
